2730 0.000871801
7102 0.000854476
1010 0.000849558
368 0.000835846
1907 0.000830538
7453 0.000820592
4583 0.000817828
7420 0.000810281
1847 0.000809945
5369 0.000805946
3164 0.000805039
7446 0.000803109
3947 0.00080217
2794 0.00079227
3215 0.00078212
5346 0.00078115
7223 0.000777317
630 0.000774328
4417 0.00076877
4955 0.000760739
3208 0.000758979
2902 0.000757493
5671 0.000755803
5833 0.000751613
5553 0.000747911
8096 0.000747356
3204 0.000745722
758 0.000744893
6301 0.000744534
5769 0.000741114
8194 0.000740051
4957 0.000737992
8060 0.000736325
7938 0.000733802
5584 0.00073309
6568 0.000732622
1430 0.000732498
7250 0.000731301
3185 0.000730438
2737 0.000726218
3751 0.000725787
150 0.000725778
5099 0.000721188
2944 0.000717314
7872 0.000715384
2639 0.000713944
5074 0.000713919
1034 0.000712967
229 0.000712321
6648 0.000711975
4222 0.000710203
7406 0.0007096
2464 0.000709296
3578 0.000709115
930 0.000708305
6777 0.000708192
2484 0.000704905
4944 0.000701083
1197 0.000699782
3221 0.000699026
2041 0.000698552
7579 0.000697845
6787 0.000697534
6530 0.000696761
8112 0.000696469
6005 0.000696099
6190 0.00069582
5655 0.000695126
251 0.000694071
3951 0.000693238
8018 0.000692686
233 0.000692045
2589 0.000691522
5996 0.00069142
482 0.000691122
972 0.000690395
7499 0.000686644
7442 0.000686323
1173 0.000685861
2369 0.000685275
6315 0.0006836
5129 0.0006834
7784 0.00068319
5998 0.000682972
4692 0.000682766
4255 0.000682729
6692 0.000682291
4832 0.000681914
5275 0.000680157
5376 0.000679557
2232 0.000677583
6928 0.000676846
260 0.000675572
1677 0.00067547
6847 0.000673882
6883 0.000673401
7702 0.000673363
1798 0.000672536
4681 0.000671492
2664 0.000670718
